[[     0      0      0      0      0      0      0      0      0      0
       0      2      0      4      0      0      0      0      0      0
       8      0      0      0      0]
 [     0      0      0      0      0      0      0      0      0      0
       0      0      0      9      0      0      0      0      0      0
     179      0      0      0      0]
 [     0      0      0      0      0      0      0      0      0      0
       0      0      0      0      0      0      0      0      0      0
       2      0      0      0      0]
 [     0      0      0      0      0      0      0      0      0      0
       0      0      0      0      0      0      0      0      0      0
      16      0      0      0      0]
 [     0      0      0      0      0      0      0      0      0      0
       0      0      0      0      0      0      0      0      0      0
       4      0      0      0      0]
 [     0      0      0      0      0      0      0      0      0      0
       0      0      5      0      0      0      0      0      0      0
       4      0      0      0      0]
 [     0      0      0      0      0      0     48      0      0      0
       0      0      0      4      0      0      0      0      0      0
     274      0      0      0      0]
 [     0      0      0      0      0      0      0      1      0      0
       0      0      1      0      0      0      0      0      0      0
     109      0      0      0      0]
 [     0      0      0      0      0      0      0      0     14      0
       0      0      0     11      0      0      0      0      0      0
      89      0      0      0      0]
 [     0      0      0      0      0      0      0      0      0      0
       0      0      0      0      0      0      0      0      0      0
       2      0      0      0      0]
 [     0      0      0      0      0      0      0      0      0      0
       0      0      0      0      0      0      0      0      0      0
       3      0      0      0      0]
 [     0      0      0      0      0      0      0      0      0      0
       0     32      0     40      0      1      0      0      0      0
    2190      0      0      0      0]
 [     0      0      0      0      0      0      1      0      0      0
       0      0    268      2      3      0      0      0      0      0
     402      0      0      0      0]
 [     1      0      0      0      0      0      1      0      2      0
       0     31     12    957      0      6      0      0      1      0
    1299      0      0      0      0]
 [     0      0      0      0      0      1      0      0      0      0
       0      0      4      0      6      0      0      0      0      0
      36      0      0      0      0]
 [     0      0      0      0      0      0      0      0      0      0
       0      0      0      9      0     20      0      0      0      0
     126      0      0      0      0]
 [     0      0      0      0      0      0      0      0      0      0
       0      0      0      4      0      0      0      0      0      0
      20      0      0      0      0]
 [     0      0      0      0      0      0      0      0      0      0
       0      0      0      1      0      0      0      0      0      0
       0      0      0      0      0]
 [     0      0      0      0      0      0      0      0      0      0
       0      0      0     52      0      0      0      0      0      0
     100      0      0      0      0]
 [     0      0      0      0      0      0      0      0      0      0
       0      0      0      0      0      0      0      0      0      1
       5      0      0      0      0]
 [     0      0      0      1      0      0     23      0      3      0
       0     38    105    304      6      4      0      0      1      0
  269826      0      0      0      1]
 [     0      0      0      0      0      0      0      0      0      0
       0      0      0      0      0      0      0      0      0      0
      16      0      0      0      0]
 [     0      0      0      0      0      0      0      0      0      0
       0      0      0      0      0      0      0      0      0      0
      11      0      0      0      0]
 [     0      0      0      0      0      0      0      0      0      0
       0      0      0      0      0      0      0      0      0      0
       8      0      0      0      0]
 [     0      0      0      0      0      0      0      0      0      0
       0      0      0      0      0      0      0      0      0      0
       0      0      0      0      0]]